6 K 3 1 Q 6 1 R 6 2 N 3 3 B 1 3 n 1 5 r 2 5 q 5 6 k 2 6
3 3 2 5 1 5 3 4 3 4 2 6 3 1 2 1
6 Q 1 1 K 6 1 N 4 3 R 1 3 k 6 6 q 1 6
1 3 1 6 1 6 6 6 1 1 6 1
5 k 2 1 n 3 3 q 1 4 K 5 5 R 5 3 B 4 1
5 3 3 3 4 1 1 4 1 4 3 4 2 1 1 1
8 q 4 3 k 4 4 r 8 2 r 8 8 b 1 1 K 4 8 N 7 7
8 2 2 2 1 1 3 3
4 k 2 1 b 1 3 n 1 4 N 4 3 K 3 3
1 4 2 2 1 3 2 4
4 k 1 1 K 4 4 q 2 2 Q 3 3
2 2 1 1
4 k 4 1 n 4 2 q 1 3 R 1 1 R 3 3 K 4 4
3 3 1 4 4 2 3 2
4 k 4 3 Q 1 3 B 2 4 K 3 1
1 3 2 3 2 4 1 4 4 3 3 2
5 k 2 1 B 3 1 q 5 3 K 4 4 Q 1 5
3 1 5 3 1 5 4 5 5 3 3 1
5 K 3 1 N 4 2 Q 1 2 n 2 4 k 4 5
2 4 1 2 1 2 3 1 3 1 4 2
6 K 3 1 R 5 1 B 6 2 n 6 3 N 1 3 R 1 5 Q 1 6 k 5 6
6 3 5 1 3 1 2 1 1 3 3 2 1 5 3 5 6 2 3 5 1 6 6 1
